                  BEFORE EXECUTION         AFTER EXECUTION
 PC    IR   BR    TOS  S[TOS] EA    EA_val TOS  S[TOS] EA    EA_val
(Hex) (Hex)(Hex) (Hex) (Hex)  (Hex) (Hex) (Hex) (Hex)  (Hex) (Hex)  
0b    0013   00   00                        00                    
0b    0013   00   00                        01    0005            
0c    dc2d   00   01   0005    55    0000   00          55    0000
0d    d82d   00   00           55    0005   01    0005  55    0005
0e    b029   00   01   0005    51    0000   02    0001  51    0000
0f    c424   00   02   0001    8c    c800   01    0005  8c    c800
10    8830   00   01   0005    f8    000f   01    0005  f8    000f
11    d834   00   01   0005    fc    000a   02    000a  fc    000a
12    dc2c   00   02   000a    54    0000   01    0005  54    0000
13    c800   00   01   0005    28    d82d   02    0014  28    d82d
00    d82d   00   02   0014    55    0005   03    0005  55    0005
01    bc04   00   03   0005    2c    000a   03    0005  2c    000a
04    000a   00   03   0005                 03    0005            
04    000a   00   03   0005                 03    000a            
05    d82e   00   03   000a    56    0001   04    0001  56    0001
06    b42b   00   04   0001    53    0004   05    0001  53    0004
07    c002   00   05   0001    2a    942a   04    0001  2a    942a
02    942a   00   04   0001    52    0001   04    0002  52    0001
03    dc2e   00   04   0002    56    0001   03    000a  56    0001
04    000a   00   03   000a                 03    000a            
04    000a   00   03   000a                 03    0014            
05    d82e   00   03   0014    56    0002   04    0002  56    0002
06    b42b   00   04   0002    53    0004   05    0001  53    0004
07    c002   00   05   0001    2a    942a   04    0002  2a    942a
02    942a   00   04   0002    52    0001   04    0003  52    0001
03    dc2e   00   04   0003    56    0002   03    0014  56    0002
04    000a   00   03   0014                 03    0014            
04    000a   00   03   0014                 03    0028            
05    d82e   00   03   0028    56    0003   04    0003  56    0003
06    b42b   00   04   0003    53    0004   05    0001  53    0004
07    c002   00   05   0001    2a    942a   04    0003  2a    942a
02    942a   00   04   0003    52    0001   04    0004  52    0001
03    dc2e   00   04   0004    56    0003   03    0028  56    0003
04    000a   00   03   0028                 03    0028            
04    000a   00   03   0028                 03    0050            
05    d82e   00   03   0050    56    0004   04    0004  56    0004
06    b42b   00   04   0004    53    0004   05    0001  53    0004
07    c002   00   05   0001    2a    942a   04    0004  2a    942a
02    942a   00   04   0004    52    0001   04    0005  52    0001
03    dc2e   00   04   0005    56    0004   03    0050  56    0004
04    000a   00   03   0050                 03    0050            
04    000a   00   03   0050                 03    00a0            
05    d82e   00   03   00a0    56    0005   04    0005  56    0005
06    b42b   00   04   0005    53    0004   05    0000  53    0004
07    c002   00   05   0000    2a    942a   04    0005  2a    942a
08    dc2e   00   04   0005    56    0005   03    00a0  56    0005
09    dc2f   00   03   00a0    57    0000   02    0014  57    0000
0a    0015   00   02   0014                 02    0014            
0a    0015   00   02   0014                 01    0005            
14    d82f   00   01   0005    57    00a0   02    00a0  57    00a0
15    8831   00   02   00a0    f9    00f0   02    00a0  f9    00f0
16    942c   00   02   00a0    54    000a   02    00aa  54    000a
17    dc2c   00   02   00aa    54    000a   01    0005  54    000a
18    d82d   00   01   0005    8d    0005   02    0005  8d    0005
19    8832   00   02   0005    fa    0f00   02    0000  fa    0f00
1a    0003   00   02   0000                 02    0000            
1a    0003   00   02   0000                 02    ffff            
1b    8832   00   02   ffff    fa    0f00   02    0f00  fa    0f00
1c    942c   00   02   0f00    8c    00aa   02    0faa  8c    00aa
1d    dc2c   00   02   0faa    8c    00aa   01    0005  8c    00aa
1e    d82d   00   01   0005    8d    0005   02    0005  8d    0005
1f    8833   00   02   0005    fb    3000   02    0000  fb    3000
20    0003   00   02   0000                 02    0000            
20    0003   00   02   0000                 02    ffff            
21    8833   00   02   ffff    fb    3000   02    3000  fb    3000
22    942c   00   02   3000    8c    0faa   02    3faa  8c    0faa
23    bc26   00   02   3faa    a6    d82d   02    3faa  a6    d82d
26    d82d   00   02   3faa    8d    0005   03    0005  8d    0005
27    1414   00   03   0005                 01    0005            
28    0018   00   01   0005                 01    0005            
28    0018   00   01   0005                 01    0005            
